# 300
745 80
844 480
175 648
64 658
962 403
217 712
669 896
845 554
884 165
828 619
147 231
500 911
126 597
99 410
181 240
977 150
959 1
853 793
821 659
275 813
772 65
595 695
495 716
59 566
249 0
423 366
970 842
586 356
664 444
145 346
462 605
489 340
636 678
569 369
575 222
564 685
424 11
868 387
878 967
53 834
270 238
529 940
725 196
728 191
791 738
294 998
589 69
703 603
790 230
692 328
807 14
945 460
938 824
43 303
732 475
816 397
473 109
615 229
174 691
255 188
233 885
769 545
626 302
645 183
122 281
362 764
376 724
557 276
652 662
832 120
721 206
60 907
393 985
783 431
966 767
782 679
248 399
730 719
87 561
909 833
847 236
964 549
996 984
139 477
841 999
441 75
521 809
329 264
25 235
377 363
871 258
948 62
271 354
42 337
779 286
754 384
418 766
773 179
913 800
570 95
801 78
137 526
57 638
975 245
106 131
887 154
836 584
924 488
116 160
102 858
359 205
219 185
900 634
496 35
899 762
614 600
784 34
903 239
920 590
110 146
44 682
494 827
427 556
533 921
511 788
213 742
657 869
594 282
74 936
111 567
3 707
994 759
297 28
623 434
388 411
124 751
129 578
535 854
542 420
158 656
439 608
580 449
438 991
372 12
731 345
360 815
142 611
758 817
776 512
857 228
280 162
41 960
971 890
70 338
855 243
26 954
775 939
194 306
370 922
466 105
708 348
684 757
944 599
177 209
700 714
385 371
895 931
260 861
886 112
655 705
723 756
419 534
198 509
591 72
320 540
316 951
702 873
178 980
825 690
774 461
279 138
802 47
237 859
88 85
928 443
552 430
863 672
915 544
426 471
850 325
577 289
919 950
617 52
220 103
408 930
818 519
573 933
90 620
277 339
727 814
918 197
192 76
96 947
537 698
823 641
10 677
288 334
893 932
374 796
888 609
726 227
927 358
916 33
914 447
132 67
798 89
493 241
741 550
680 136
576 190
539 753
846 216
163 469
681 786
81 91
392 454
391 290
481 739
46 71
610 232
670 484
574 482
624 310
251 748
404 982
744 923
838 125
256 506
929 606
211 696
737 637
683 378
729 4
50 852
504 18
278 883
293 777
867 851
528 517
709 722
93 805
687 604
849 926
592 671
266 171
440 114
630 965
244 453
639 872
30 92
212 560
781 395
284 170
676 946
840 485
143 601
257 6
740 94
804 335
455 292
649 446
865 365
585 400
507 693
407 713
202 432
203 992
904 750
502 314
262 478
100 319
530 958
538 415
558 390
972 307
117 743
901 968
327 565
987 588
877 199
336 688
274 153
223 976
166 193
718 935
770 413
829 541
622 51
49 808
24 483
